1509583382 1639808290 20361832
3841220400 2799952377 116887408
1472887638 3349716751 36695744
1375316591 4197396249 97571047
1030032900 38536653 44339012
3776233310 1557050237 64987090
1857053855 3386412495 71799907
2963593546 2694182899 38493443
3758462347 1622037327 17770963
1018869652 82875665 11163248
1308040556 2732676342 67276035
1928853762 3953749938 243646311
2488961036 3503789336 239267964
3562290347 3458212402 6096433
3568386780 1308040556 190075567
2728229000 1997029610 235364546
215668494 0 38536653
1646361217 3743057300 109790942
1529945214 3233300748 116416003
1756152159 3852848242 100901696
3958107808 1660170122 336859488
3503356233 1498116123 58934114
254205147 552157437 522214475
3002086989 3464308835 39480501
776419622 94038913 242450030
2172500073 2916839785 316460963
0 336488943 215668494
3041567490 2232394156 461788743