3903940466 3635148971 125939893
1458128760 2186815403 67353660
3125319983 1458128760 728686643
2261072201 3994982121 66012689
3854006626 2992363154 49933840
1525482420 3780550419 183145699
2233668127 3967578047 27404074
2442260515 3138011064 466023456
740912129 0 327948845
2422798960 3761088864 19461555
1708628119 3963696118 3881929
2327084890 3042296994 95714070
4029880359 3604034520 31114451
1712510048 2471205075 521158079
367508399 695457244 373403730
2908283971 2254169063 217036012
0 327948845 367508399