1136439539 28187015 34421000
4130684560 3591141854 62928737
2493176649 2843539493 216586902
4035246184 3979580848 40675839
784987951 2449883248 10512167
1230114095 458474273 89127842
3591141854 4278550666 16416630
795500118 1007741104 49669915
4075922023 4020256687 54762537
1170860539 385724159 59253556
1754134353 1447758461 710855281
2464989634 0 28187015
3811089926 3654070591 224156258
367106182 564462768 34737691
0 3060126395 64826339
1438999297 87449756 298274403
1319241937 901480302 106260802
1425502739 444977715 13496558
906091129 2158613742 230348410
401843873 2460395415 383144078
1737273700 547602115 16860653
64826339 599200459 302279843
2709763551 1057411019 390347442
845170033 2388962152 60921096
3607558484 4075019224 203531442
3100110993 3124952734 265337006
4193613297 3878226849 101353999
3365447999 62608015 24841741