3498288578 2645051323 42074132
608593503 673232568 65024140
0 1287033796 108723708
3979313387 3634135302 315653909
2652759587 3018896130 103365881
1093544955 942695289 7961217
2756125468 3501628238 132507064
419683046 1625547778 126722533
683243352 349510049 26140330
1101506172 511314709 142580382
1283347805 375650379 135664330
673617643 24016268 9625709
709383682 1238532395 48501401
3763762608 2402322728 184668443
3948431051 2621479653 23571670
3660408219 2687125455 102463666
3561232935 2586991171 34488482
2459767392 3122262011 192992195
1244086554 1754618583 31645052
1073753155 1497748002 19791800
3972002721 3949789211 7310666
3540362710 4077337854 20870225
1419012135 738256708 79984976
1746461061 1457945428 39802574
3595721417 4190079809 64686802
1616767336 653895091 19337477
1275731606 823578131 7616199
108723708 818241684 5336447
546405579 1395757504 62187924
1498997111 950656506 117770225
2888632532 3957099877 102103275
1744112789 1752270311 2348272
2233819388 2077946837 225948004
3762871885 2401432005 890723
2136282224 2303894841 97537164
3311914546 3315254206 186374032
2118147522 4059203152 18134702
308182087 831194330 111500959
114060155 0 24016268
2077946837 4254766611 40200685
971525741 33641977 102227414
1636104813 1517539802 108007976
138076423 1068426731 170105664
3220042816 4098208079 91871730
2990735807 2789589121 229307009
757885083 135869391 213640658