1539871014 1431400479 38399903
4189242304 3947275099 105724992
2012473116 0 61612686
3673653298 3769966020 177309079
25380533 833117788 21807501
143369400 1411638591 19761888
2698209531 61612686 40666379
401367210 2888296065 27849039
3850962377 4057978463 170640183
1076364770 854925289 39443942
0 2048878915 25380533
2682826842 1483785677 15382689
4026580932 4228618646 66348650
790899137 2074259448 70405647
2738875910 2609016218 230235412
2090748148 1854132037 12185242
163131288 1499168366 238235922
1115808712 3002097202 63461270
545943998 1215727887 195910704
4092929582 3673653298 96312722
1000530579 3065558472 75834191
2074085802 2916145104 16662346
429216249 1737404288 116727749
1578270917 2174814019 434202199
2969111322 102279065 44844471
1179269982 669063687 164054101
2463111278 507301424 161762263
741854702 2839251630 49044435
3013955793 894369231 236513741
861304784 2144665095 30148924
1525885719 1469800382 13985295
132032949 2932807450 11336451
2102933390 147123536 360177888
47188034 1130882972 84844915
4021602560 4053000091 4978372
2624873541 2944143901 57953301
891453708 3141392663 109076871
1343324083 1866317279 182561636